0.0000	0.0000
0.0100	0.0000
0.0200	0.0000
0.0300	0.0001
0.0400	0.0002
0.0500	0.0003
0.0600	0.0005
0.0700	0.0008
0.0800	0.0012
0.0900	0.0019
0.1000	0.0027
0.1100	0.0039
0.1200	0.0054
0.1300	0.0072
0.1400	0.0094
0.1500	0.0118
0.1600	0.0146
0.1700	0.0176
0.1800	0.0209
0.1900	0.0243
0.2000	0.0278
0.2100	0.0312
0.2200	0.0346
0.2300	0.0379
0.2400	0.0412
0.2500	0.0443
0.2600	0.0474
0.2700	0.0505
0.2800	0.0537
0.2900	0.0570
0.3000	0.0605
0.3100	0.0642
0.3200	0.0681
0.3300	0.0722
0.3400	0.0764
0.3500	0.0808
0.3600	0.0852
0.3700	0.0894
0.3800	0.0932
0.3900	0.0965
0.4000	0.0991
0.4100	0.1011
0.4200	0.1023
0.4300	0.1026
0.4400	0.1021
0.4500	0.1008
0.4600	0.0990
0.4700	0.0968
0.4800	0.0944
0.4900	0.0921
0.5000	0.0898
0.5100	0.0878
0.5200	0.0862
0.5300	0.0853
0.5400	0.0852
0.5500	0.0861
0.5600	0.0882
0.5700	0.0913
0.5800	0.0957
0.5900	0.1012
0.6000	0.1081
0.6100	0.1163
0.6200	0.1256
0.6300	0.1361
0.6400	0.1475
0.6500	0.1595
0.6600	0.1720
0.6700	0.1848
0.6800	0.1975
0.6900	0.2098
0.7000	0.2215
0.7100	0.2324
0.7200	0.2423
0.7300	0.2511
0.7400	0.2586
0.7500	0.2649
0.7600	0.2699
0.7700	0.2736
0.7800	0.2759
0.7900	0.2768
0.8000	0.2763
0.8100	0.2744
0.8200	0.2712
0.8300	0.2666
0.8400	0.2609
0.8500	0.2541
0.8600	0.2463
0.8700	0.2374
0.8800	0.2277
0.8900	0.2173
0.9000	0.2063
0.9100	0.1950
0.9200	0.1834
0.9300	0.1718
0.9400	0.1603
0.9500	0.1492
0.9600	0.1385
0.9700	0.1283
0.9800	0.1188
0.9900	0.1101
1.0000	0.1021
1.0100	0.0951
1.0200	0.0888
1.0300	0.0833
1.0400	0.0785
1.0500	0.0743
1.0600	0.0708
1.0700	0.0680
1.0800	0.0657
1.0900	0.0640
1.1000	0.0628
1.1100	0.0620
1.1200	0.0618
1.1300	0.0622
1.1400	0.0631
1.1500	0.0646
1.1600	0.0666
1.1700	0.0690
1.1800	0.0717
1.1900	0.0748
1.2000	0.0780
1.2100	0.0813
1.2200	0.0846
1.2300	0.0877
1.2400	0.0904
1.2500	0.0928
1.2600	0.0945
1.2700	0.0957
1.2800	0.0961
1.2900	0.0960
1.3000	0.0953
1.3100	0.0942
1.3200	0.0928
1.3300	0.0912
1.3400	0.0897
1.3500	0.0882
1.3600	0.0869
1.3700	0.0861
1.3800	0.0857
1.3900	0.0860
1.4000	0.0869
1.4100	0.0887
1.4200	0.0913
1.4300	0.0948
1.4400	0.0991
1.4500	0.1043
1.4600	0.1101
1.4700	0.1168
1.4800	0.1242
1.4900	0.1323
1.5000	0.1408
1.5100	0.1496
1.5200	0.1586
1.5300	0.1676
1.5400	0.1763
1.5500	0.1848
1.5600	0.1930
1.5700	0.2006
1.5800	0.2078
1.5900	0.2144
1.6000	0.2205
1.6100	0.2262
1.6200	0.2315
1.6300	0.2364
1.6400	0.2411
1.6500	0.2454
1.6600	0.2493
1.6700	0.2527
1.6800	0.2555
1.6900	0.2574
1.7000	0.2583
1.7100	0.2580
1.7200	0.2563
1.7300	0.2530
1.7400	0.2481
1.7500	0.2416
1.7600	0.2334
1.7700	0.2238
1.7800	0.2129
1.7900	0.2010
1.8000	0.1885
1.8100	0.1755
1.8200	0.1625
1.8300	0.1496
1.8400	0.1373
1.8500	0.1256
1.8600	0.1148
1.8700	0.1049
1.8800	0.0960
1.8900	0.0880
1.9000	0.0808
1.9100	0.0746
1.9200	0.0690
1.9300	0.0642
1.9400	0.0600
1.9500	0.0564
1.9600	0.0533
1.9700	0.0507
1.9800	0.0486
1.9900	0.0470
2.0000	0.0460
2.0100	0.0454
2.0200	0.0454
2.0300	0.0461
2.0400	0.0474
2.0500	0.0494
2.0600	0.0521
2.0700	0.0556
2.0800	0.0597
2.0900	0.0645
2.1000	0.0699
2.1100	0.0757
2.1200	0.0818
2.1300	0.0881
2.1400	0.0944
2.1500	0.1004
2.1600	0.1061
2.1700	0.1113
2.1800	0.1158
2.1900	0.1197
2.2000	0.1230
2.2100	0.1256
2.2200	0.1276
2.2300	0.1291
2.2400	0.1302
2.2500	0.1308
2.2600	0.1310
2.2700	0.1308
2.2800	0.1304
2.2900	0.1295
2.3000	0.1283
2.3100	0.1266
2.3200	0.1245
2.3300	0.1220
2.3400	0.1191
2.3500	0.1158
2.3600	0.1124
2.3700	0.1091
2.3800	0.1061
2.3900	0.1037
2.4000	0.1021
2.4100	0.1015
2.4200	0.1021
2.4300	0.1039
2.4400	0.1071
2.4500	0.1114
2.4600	0.1169
2.4700	0.1233
2.4800	0.1304
2.4900	0.1377
2.5000	0.1451
2.5100	0.1524
2.5200	0.1596
2.5300	0.1665
2.5400	0.1732
2.5500	0.1796
2.5600	0.1858
2.5700	0.1920
2.5800	0.1981
2.5900	0.2041
2.6000	0.2100
2.6100	0.2157
2.6200	0.2210
2.6300	0.2259
2.6400	0.2301
2.6500	0.2334
2.6600	0.2356
2.6700	0.2366
2.6800	0.2362
2.6900	0.2343
2.7000	0.2310
2.7100	0.2262
2.7200	0.2201
2.7300	0.2128
2.7400	0.2044
2.7500	0.1950
2.7600	0.1849
2.7700	0.1741
2.7800	0.1629
2.7900	0.1515
2.8000	0.1401
2.8100	0.1289
2.8200	0.1182
2.8300	0.1080
2.8400	0.0985
2.8500	0.0898
2.8600	0.0818
2.8700	0.0746
2.8800	0.0684
2.8900	0.0629
2.9000	0.0582
2.9100	0.0542
2.9200	0.0509
2.9300	0.0483
2.9400	0.0463
2.9500	0.0450
2.9600	0.0443
2.9700	0.0443
2.9800	0.0448
2.9900	0.0460
3.0000	0.0477
3.0100	0.0500
3.0200	0.0527
3.0300	0.0559
3.0400	0.0594
3.0500	0.0632
3.0600	0.0671
3.0700	0.0709
3.0800	0.0747
3.0900	0.0783
3.1000	0.0816
3.1100	0.0845
3.1200	0.0870
3.1300	0.0891
3.1400	0.0908
3.1500	0.0922
3.1600	0.0933
3.1700	0.0943
3.1800	0.0953
3.1900	0.0962
3.2000	0.0972
3.2100	0.0983
3.2200	0.0994
3.2300	0.1008
3.2400	0.1021
3.2500	0.1034
3.2600	0.1045
3.2700	0.1053
3.2800	0.1059
3.2900	0.1061
3.3000	0.1057
3.3100	0.1050
3.3200	0.1037
3.3300	0.1021
3.3400	0.0999
3.3500	0.0974
3.3600	0.0946
3.3700	0.0914
3.3800	0.0881
3.3900	0.0845
3.4000	0.0809
3.4100	0.0773
3.4200	0.0737
3.4300	0.0703
3.4400	0.0671
3.4500	0.0644
3.4600	0.0623
3.4700	0.0608
3.4800	0.0602
3.4900	0.0605
3.5000	0.0618
3.5100	0.0643
3.5200	0.0680
3.5300	0.0728
3.5400	0.0786
3.5500	0.0852
3.5600	0.0927
3.5700	0.1009
3.5800	0.1095
3.5900	0.1183
3.6000	0.1272
3.6100	0.1357
3.6200	0.1438
3.6300	0.1511
3.6400	0.1573
3.6500	0.1625
3.6600	0.1663
3.6700	0.1689
3.6800	0.1700
3.6900	0.1698
3.7000	0.1680
3.7100	0.1646
3.7200	0.1598
3.7300	0.1537
3.7400	0.1465
3.7500	0.1386
3.7600	0.1300
3.7700	0.1210
3.7800	0.1118
3.7900	0.1025
3.8000	0.0933
3.8100	0.0846
3.8200	0.0763
3.8300	0.0686
3.8400	0.0615
3.8500	0.0552
3.8600	0.0494
3.8700	0.0444
3.8800	0.0400
3.8900	0.0363
3.9000	0.0332
3.9100	0.0308
3.9200	0.0292
3.9300	0.0283
3.9400	0.0280
3.9500	0.0284
3.9600	0.0295
3.9700	0.0311
3.9800	0.0332
3.9900	0.0356
4.0000	0.0382
4.0100	0.0409
4.0200	0.0436
4.0300	0.0461
4.0400	0.0485
4.0500	0.0508
4.0600	0.0527
4.0700	0.0543
4.0800	0.0557
4.0900	0.0569
4.1000	0.0579
4.1100	0.0586
4.1200	0.0592
4.1300	0.0596
4.1400	0.0597
4.1500	0.0596
4.1600	0.0592
4.1700	0.0585
4.1800	0.0575
4.1900	0.0564
4.2000	0.0552
4.2100	0.0539
4.2200	0.0528
4.2300	0.0520
4.2400	0.0513
4.2500	0.0510
4.2600	0.0509
4.2700	0.0512
4.2800	0.0519
